324,5
324,4
324,3
324,2
324,1
324,0
323,4
323,3
323,2
323,1
323,0
322,3
322,2
322,1
322,0
321,5
321,4
321,3
321,2
321,1
321,0
320,3
320,2
320,1
320,0
319,4
319,3
319,2
319,1
319,0
318,4
318,3
318,2
318,1
318,0
317,6
317,5
317,4
317,3
317,2
317,1
317,0
316,6
316,5
316,4
316,3
316,2
316,1
316,0
315,6
315,5
315,4
315,3
315,2
315,1
315,0
314,4
314,3
314,2
314,1
314,0
313,3
313,2
313,1
313,0
312,3
312,2
312,1
312,0
311,4
311,3
311,2
311,1
311,0
310,4
310,3
310,2
310,1
310,0
309,4
309,3
309,2
309,1
309,0
308,4
308,3
308,2
308,1
308,0
307,4
307,3
307,2
307,1
307,0
306,4
306,3
306,2
306,1
306,0
305,4
305,3
305,2
305,1
305,0
304,3
304,2
304,1
304,0
303,4
303,3
303,2
303,1
303,0
302,3
302,2
302,1
302,0
301,3
301,2
301,1
301,0
300,5
300,4
300,3
300,2
300,1
300,0
299,3
299,2
299,1
299,0
298,4
298,3
298,2
298,1
298,0
297,3
297,2
297,1
297,0
296,5
296,4
296,3
296,2
296,1
296,0
295,4
295,3
295,2
295,1
295,0
294,3
294,2
294,1
294,0
293,5
293,4
293,3
293,2
293,1
293,0
292,3
292,2
292,1
292,0
291,4
291,3
291,2
291,1
291,0
290,4
290,3
290,2
290,1
290,0
289,6
289,5
289,4
289,3
289,2
289,1
289,0
288,6
288,5
288,4
288,3
288,2
288,1
288,0
287,6
287,5
287,4
287,3
287,2
287,1
287,0
286,4
286,3
286,2
286,1
286,0
285,3
285,2
285,1
285,0
284,3
284,2
284,1
284,0
283,4
283,3
283,2
283,1
283,0
282,4
282,3
282,2
282,1
282,0
281,4
281,3
281,2
281,1
281,0
280,4
280,3
280,2
280,1
280,0
279,4
279,3
279,2
279,1
279,0
278,4
278,3
278,2
278,1
278,0
277,4
277,3
277,2
277,1
277,0
276,3
276,2
276,1
276,0
275,4
275,3
275,2
275,1
275,0
274,3
274,2
274,1
274,0
273,3
273,2
273,1
273,0
272,5
272,4
272,3
272,2
272,1
272,0
271,3
271,2
271,1
271,0
270,4
270,3
270,2
270,1
270,0
269,3
269,2
269,1
269,0
268,5
268,4
268,3
268,2
268,1
268,0
267,4
267,3
267,2
267,1
267,0
266,3
266,2
266,1
266,0
265,5
265,4
265,3
265,2
265,1
265,0
264,3
264,2
264,1
264,0
263,4
263,3
263,2
263,1
263,0
262,4
262,3
262,2
262,1
262,0
261,6
261,5
261,4
261,3
261,2
261,1
261,0
260,6
260,5
260,4
260,3
260,2
260,1
260,0
259,6
259,5
259,4
259,3
259,2
259,1
259,0
258,4
258,3
258,2
258,1
258,0
257,3
257,2
257,1
257,0
256,3
256,2
256,1
256,0
255,4
255,3
255,2
255,1
255,0
254,4
254,3
254,2
254,1
254,0
253,4
253,3
253,2
253,1
253,0
252,4
252,3
252,2
252,1
252,0
251,4
251,3
251,2
251,1
251,0
250,4
250,3
250,2
250,1
250,0
249,4
249,3
249,2
249,1
249,0
248,3
248,2
248,1
248,0
247,4
247,3
247,2
247,1
247,0
246,3
246,2
246,1
246,0
245,3
245,2
245,1
245,0
244,5
244,4
244,3
244,2
244,1
244,0
243,3
243,2
243,1
243,0
242,4
242,3
242,2
242,1
242,0
241,3
241,2
241,1
241,0
240,5
240,4
240,3
240,2
240,1
240,0
239,4
239,3
239,2
239,1
239,0
238,3
238,2
238,1
238,0
237,5
237,4
237,3
237,2
237,1
237,0
236,3
236,2
236,1
236,0
235,4
235,3
235,2
235,1
235,0
234,4
234,3
234,2
234,1
234,0
233,6
233,5
233,4
233,3
233,2
233,1
233,0
232,6
232,5
232,4
232,3
232,2
232,1
232,0
231,6
231,5
231,4
231,3
231,2
231,1
231,0
230,4
230,3
230,2
230,1
230,0
229,3
229,2
229,1
229,0
228,3
228,2
228,1
228,0
227,4
227,3
227,2
227,1
227,0
226,4
226,3
226,2
226,1
226,0
225,4
225,3
225,2
225,1
225,0
224,4
224,3
224,2
224,1
224,0
223,4
223,3
223,2
223,1
223,0
222,4
222,3
222,2
222,1
222,0
221,4
221,3
221,2
221,1
221,0
220,3
220,2
220,1
220,0
219,4
219,3
219,2
219,1
219,0
218,3
218,2
218,1
218,0
217,3
217,2
217,1
217,0
216,5
216,4
216,3
216,2
216,1
216,0
215,3
215,2
215,1
215,0
214,4
214,3
214,2
214,1
214,0
213,3
213,2
213,1
213,0
212,5
212,4
212,3
212,2
212,1
212,0
211,4
211,3
211,2
211,1
211,0
210,3
210,2
210,1
210,0
209,5
209,4
209,3
209,2
209,1
209,0
208,3
208,2
208,1
208,0
207,4
207,3
207,2
207,1
207,0
206,4
206,3
206,2
206,1
206,0
205,6
205,5
205,4
205,3
205,2
205,1
205,0
204,6
204,5
204,4
204,3
204,2
204,1
204,0
203,6
203,5
203,4
203,3
203,2
203,1
203,0
202,4
202,3
202,2
202,1
202,0
201,3
201,2
201,1
201,0
200,3
200,2
200,1
200,0
199,4
199,3
199,2
199,1
199,0
198,4
198,3
198,2
198,1
198,0
197,4
197,3
197,2
197,1
197,0
196,4
196,3
196,2
196,1
196,0
195,4
195,3
195,2
195,1
195,0
194,4
194,3
194,2
194,1
194,0
193,4
193,3
193,2
193,1
193,0
192,3
192,2
192,1
192,0
191,4
191,3
191,2
191,1
191,0
190,3
190,2
190,1
190,0
189,3
189,2
189,1
189,0
188,5
188,4
188,3
188,2
188,1
188,0
187,3
187,2
187,1
187,0
186,4
186,3
186,2
186,1
186,0
185,3
185,2
185,1
185,0
0,575
0,574
184,5
184,4
184,3
184,2
184,1
184,0
183,4
183,3
183,2
183,1
183,0
182,3
182,2
182,1
182,0
181,5
181,4
181,3
181,2
181,1
181,0
180,3
180,2
180,1
180,0
179,4
179,3
179,2
179,1
179,0
0,573
178,4
178,3
178,2
178,1
178,0
177,6
177,5
177,4
177,3
177,2
177,1
177,0
0,572
0,571
176,6
176,5
176,4
176,3
176,2
176,1
176,0
175,6
175,5
175,4
175,3
175,2
175,1
175,0
174,4
174,3
174,2
174,1
174,0
173,3
173,2
173,1
173,0
172,3
172,2
172,1
172,0
171,4
171,3
171,2
171,1
171,0
170,4
170,3
170,2
170,1
170,0
169,4
169,3
169,2
169,1
169,0
168,4
168,3
168,2
168,1
168,0
167,4
167,3
167,2
167,1
167,0
166,4
166,3
166,2
166,1
166,0
165,4
165,3
165,2
165,1
165,0
164,3
164,2
164,1
164,0
0,570
163,4
163,3
163,2
163,1
163,0
162,3
162,2
162,1
162,0
161,3
161,2
161,1
161,0
160,5
160,4
160,3
160,2
160,1
160,0
159,3
159,2
159,1
159,0
158,4
158,3
158,2
158,1
158,0
157,3
157,2
157,1
157,0
0,569
0,568
156,5
156,4
156,3
156,2
156,1
156,0
0,567
155,4
155,3
155,2
155,1
155,0
154,3
154,2
154,1
154,0
153,5
153,4
153,3
153,2
153,1
153,0
152,3
152,2
152,1
152,0
151,4
151,3
151,2
151,1
151,0
150,4
150,3
150,2
150,1
150,0
149,6
149,5
149,4
149,3
149,2
149,1
149,0
148,6
148,5
148,4
148,3
148,2
148,1
148,0
147,6
147,5
147,4
147,3
147,2
147,1
147,0
146,4
146,3
146,2
146,1
146,0
145,3
145,2
145,1
145,0
144,3
144,2
144,1
144,0
143,4
143,3
143,2
143,1
143,0
142,4
142,3
142,2
142,1
142,0
141,4
141,3
141,2
141,1
141,0
140,4
140,3
140,2
140,1
140,0
139,4
139,3
139,2
139,1
139,0
138,4
138,3
138,2
138,1
138,0
137,4
137,3
137,2
137,1
137,0
136,3
136,2
136,1
136,0
135,4
135,3
135,2
135,1
135,0
134,3
134,2
134,1
134,0
133,3
133,2
133,1
133,0
132,5
132,4
132,3
132,2
132,1
132,0
131,3
131,2
131,1
131,0
130,4
130,3
130,2
130,1
130,0
129,3
129,2
129,1
129,0
128,4
128,3
128,2
128,1
128,0
127,4
127,3
127,2
127,1
127,0
126,6
126,5
126,4
126,3
126,2
126,1
126,0
125,6
125,5
125,4
125,3
125,2
125,1
125,0
124,6
124,5
124,4
124,3
124,2
124,1
124,0
123,4
123,3
123,2
123,1
123,0
122,3
122,2
122,1
122,0
121,3
121,2
121,1
121,0
120,4
120,3
120,2
120,1
120,0
119,4
119,3
119,2
119,1
119,0
118,4
118,3
118,2
118,1
118,0
117,4
117,3
117,2
117,1
117,0
116,4
116,3
116,2
116,1
116,0
115,4
115,3
115,2
115,1
115,0
114,4
114,3
114,2
114,1
114,0
113,3
113,2
113,1
113,0
112,4
112,3
112,2
112,1
112,0
111,3
111,2
111,1
111,0
110,3
110,2
110,1
110,0
109,5
109,4
109,3
109,2
109,1
109,0
108,3
108,2
108,1
108,0
107,4
107,3
107,2
107,1
107,0
106,3
106,2
106,1
106,0
105,5
105,4
105,3
105,2
105,1
105,0
104,4
104,3
104,2
104,1
104,0
103,3
103,2
103,1
103,0
102,3
102,2
102,1
102,0
101,5
101,4
101,3
101,2
101,1
101,0
100,4
100,3
100,2
100,1
100,0
99,4
99,3
99,2
99,1
99,0
98,6
98,5
98,4
98,3
98,2
98,1
98,0
97,6
97,5
97,4
97,3
97,2
97,1
97,0
96,6
96,5
0,566
96,4
96,3
96,2
96,1
96,0
95,4
95,3
95,2
95,1
95,0
94,3
94,2
94,1
94,0
93,3
93,2
93,1
93,0
92,4
92,3
92,2
92,1
92,0
91,4
91,3
91,2
91,1
91,0
90,4
90,3
90,2
90,1
90,0
89,4
89,3
89,2
89,1
89,0
88,4
88,3
88,2
88,1
88,0
87,4
87,3
87,2
87,1
87,0
86,4
86,3
86,2
86,1
86,0
85,3
85,2
85,1
85,0
84,4
84,3
84,2
84,1
84,0
83,3
83,2
83,1
83,0
82,3
82,2
82,1
82,0
81,5
81,4
81,3
81,2
81,1
81,0
80,3
80,2
80,1
80,0
79,4
79,3
79,2
79,1
79,0
78,3
78,2
78,1
78,0
0,565
0,564
2,5
2,4
77,5
77,4
77,3
77,2
77,1
77,0
76,4
76,3
76,2
76,1
76,0
75,3
75,2
75,1
75,0
74,3
74,2
74,1
74,0
73,5
73,4
73,3
73,2
73,1
73,0
0,563
0,562
0,561
72,4
72,3
72,2
72,1
72,0
71,4
71,3
71,2
71,1
71,0
0,560
70,6
70,5
70,4
70,3
70,2
70,1
70,0
69,6
69,5
69,4
69,3
69,2
69,1
69,0
68,6
68,5
0,559
68,4
68,3
68,2
68,1
68,0
67,4
67,3
67,2
67,1
67,0
66,3
66,2
66,1
66,0
65,3
65,2
65,1
65,0
0,558
64,4
64,3
64,2
64,1
64,0
63,4
63,3
63,2
63,1
63,0
0,557
0,556
62,4
62,3
62,2
62,1
62,0
61,4
0,555
61,3
61,2
61,1
61,0
60,4
0,554
60,3
60,2
60,1
60,0
59,4
59,3
59,2
59,1
59,0
0,553
58,4
58,3
58,2
58,1
58,0
57,3
57,2
57,1
57,0
56,4
56,3
56,2
56,1
56,0
55,3
55,2
55,1
55,0
54,3
54,2
54,1
54,0
53,5
53,4
53,3
53,2
53,1
53,0
0,552
52,3
52,2
52,1
52,0
51,4
51,3
51,2
51,1
51,0
50,3
50,2
50,1
50,0
0,551
0,550
0,549
0,548
0,547
49,4
49,3
49,2
49,1
49,0
0,546
48,4
48,3
48,2
48,1
48,0
47,6
47,5
47,4
47,3
47,2
47,1
47,0
0,545
46,6
46,5
46,4
46,3
46,2
0,544
46,1
46,0
0,543
45,6
0,542
45,5
45,4
45,3
45,2
45,1
45,0
0,541
0,540
0,539
0,538
0,537
0,536
0,535
44,4
44,3
44,2
44,1
44,0
0,534
0,533
0,532
0,531
43,3
43,2
43,1
43,0
42,3
42,2
42,1
42,0
0,530
0,529
41,4
41,3
41,2
0,528
41,1
41,0
40,4
40,3
40,2
40,1
40,0
39,4
39,3
39,2
39,1
39,0
0,527
38,4
0,526
0,525
38,3
38,2
38,1
38,0
0,524
37,4
0,523
0,522
37,3
37,2
37,1
37,0
36,4
0,521
36,3
36,2
36,1
36,0
0,520
0,519
35,4
35,3
35,2
0,518
35,1
35,0
34,3
34,2
0,517
34,1
34,0
33,4
0,516
0,515
33,3
33,2
0,514
33,1
33,0
32,3
32,2
0,513
32,1
32,0
31,3
31,2
0,512
31,1
31,0
30,5
30,4
0,511
30,3
30,2
30,1
30,0
29,3
29,2
0,510
29,1
29,0
0,509
0,508
28,4
28,3
28,2
28,1
28,0
27,3
27,2
27,1
27,0
0,507
0,506
0,505
0,504
0,503
0,502
0,501
0,500
0,499
0,498
0,497
0,496
0,495
0,494
0,493
0,492
0,491
0,490
0,489
0,488
0,487
0,486
0,485
0,484
0,483
0,482
26,4
26,3
26,2
26,1
26,0
0,481
0,480
0,479
0,478
0,477
0,476
0,475
25,4
25,3
25,2
25,1
25,0
0,474
0,473
0,472
0,471
0,470
0,469
0,468
24,6
24,5
24,4
24,3
24,2
0,467
24,1
24,0
0,466
0,465
0,464
0,463
0,462
0,461
23,6
23,5
23,4
23,3
23,2
0,460
23,1
23,0
0,459
0,458
0,457
22,6
0,456
0,455
22,5
0,454
0,453
0,452
0,451
22,4
0,450
22,3
22,2
22,1
22,0
0,449
0,448
0,447
0,446
0,445
0,444
0,443
0,442
0,441
0,440
0,439
0,438
21,4
21,3
21,2
0,437
21,1
21,0
0,436
0,435
0,434
0,433
0,432
0,431
0,430
0,429
0,428
0,427
0,426
0,425
20,3
20,2
20,1
20,0
0,424
19,3
19,2
19,1
19,0
0,423
0,422
0,421
0,420
0,419
0,418
0,417
0,416
0,415
0,414
0,413
0,412
0,411
18,4
18,3
18,2
0,410
18,1
18,0
0,409
0,408
0,407
0,406
17,4
0,405
0,404
0,403
17,3
17,2
0,402
17,1
17,0
0,401
0,400
0,399
0,398
0,397
0,396
0,395
0,394
0,393
0,392
0,391
0,390
0,389
0,388
0,387
0,386
16,4
16,3
16,2
0,385
16,1
16,0
0,384
0,383
0,382
15,4
0,381
0,380
0,379
15,3
15,2
0,378
15,1
15,0
0,377
0,376
0,375
14,4
0,374
0,373
0,372
14,3
14,2
0,371
14,1
14,0
0,370
0,369
0,368
13,4
0,367
0,366
0,365
13,3
13,2
0,364
13,1
13,0
0,363
0,362
0,361
0,360
12,4
0,359
0,358
0,357
12,3
12,2
0,356
12,1
12,0
0,355
0,354
11,3
11,2
0,353
11,1
11,0
0,352
0,351
0,350
10,4
0,349
0,348
0,347
10,3
10,2
0,346
10,1
10,0
0,345
0,344
0,343
0,342
0,341
9,3
9,2
0,340
9,1
9,0
0,339
0,338
8,3
8,2
0,337
8,1
8,0
0,336
0,335
0,334
0,333
7,5
0,332
0,331
0,330
0,329
7,4
0,328
0,327
0,326
7,3
7,2
0,325
7,1
7,0
0,324
0,323
2,2
0,322
6,3
6,2
0,321
6,1
6,0
0,320
0,319
0,318
5,4
0,317
0,316
0,243
5,3
5,2
5,1
5,0
4,3
4,2
0,9
4,1
4,0
3,3
3,1
3,0
2,3
2,1
2,0
1,3
1,1
1,0
0,310
0,305
0,308
0,307
0,302
0,304
0,303
0,12
0,10
0,8
0,0
0,300
0,299
0,298
0,297
0,296
0,295
0,294
0,293
0,292
0,291
0,290
0,289
0,288
0,287
0,286
0,285
0,284
0,283
0,282
0,281
0,280
0,279
0,278
0,277
0,276
0,275
0,274
0,273
0,272
0,271
0,270
0,269
0,268
0,267
0,266
0,265
0,264
0,263
0,262
0,261
0,260
0,259
0,258
0,257
0,256
0,255
0,254
0,253
0,252
0,251
0,250
0,249
0,248
0,247
0,246
0,245
0,244
0,242
0,241
0,240
0,239
0,238
0,237
0,236
0,235
0,234
0,233
0,232
0,231
0,230
0,229
0,228
0,227
0,226
0,225
0,224
0,223
0,222
0,221
0,220
0,219
0,218
0,217
0,216
0,215
0,214
0,213
0,212
0,211
0,210
0,209
0,208
0,207
0,206
0,205
0,204
0,203
0,202
0,201
0,200
0,199
0,198
0,197
0,196
0,195
0,194
0,193
0,192
0,63
0,62
0,61
0,60
0,59
0,58
0,57
0,56
0,55
0,54
0,53
0,52
0,315
0,51
0,314
0,50
0,313
0,49
0,312
0,48
0,311
0,47
0,309
0,46
0,306
0,45
0,301
0,6
0,5
0,1
0,11
0,4
0,2
0,3
0,7
